
-device 1 -cam_width 640 -cam_height 480 -fx 446.596289 -fy 444.697260 -cx 300.222605 -cy 213.31848
-device 2 -cam_width 640 -cam_height 480 -fx 443.183830 -fy 443.601562 -cx 281.762606 -cy 214.600527


 [259.74329, 239.25066;
 260.59146, 252.34198;
 262.86954, 265.64233;
 266.34735, 278.50861;
 271.89706, 289.96371;
 280.59222, 299.07471;
 291.2254, 305.57126;
 304.12143, 309.54135;
 317.55017, 310.17657;
 329.73483, 308.99277;
 339.29962, 304.26166;
 347.44183, 297.1687;
 353.5452, 287.09137;
 357.18994, 274.72495;
 359.05511, 261.50443;
 359.854, 248.2249;
 359.46207, 235.3746;
 270.43802, 216.94803;
 277.28772, 210.31355;
 286.35547, 207.48157;
 295.71466, 207.47694;
 304.00104, 209.98328;
 323.17361, 208.78169;
 330.71957, 205.47784;
 338.36023, 204.8129;
 346.02283, 206.46312;
 352.30109, 211.79541;
 314.73022, 222.16626;
 315.99881, 229.67062;
 317.30438, 237.03584;
 318.5827, 244.69676;
 307.02988, 255.28336;
 312.48563, 256.3158;
 317.92081, 257.16574;
 322.91373, 255.88416;
 327.2937, 254.5885;
 280.52307, 229.44008;
 286.42465, 224.87381;
 293.61838, 224.51738;
 299.83295, 228.17188;
 293.66205, 230.15872;
 286.55859, 230.72287;
 327.3714, 227.07414;
 333.09766, 222.73351;
 339.86655, 222.67274;
 345.01379, 226.38992;
 340.84399, 228.20424;
 334.19608, 228.34538;
 297.74875, 276.73193;
 305.97235, 269.60812;
 313.42181, 266.1011;
 318.39917, 267.10599;
 323.39844, 265.85181;
 330.11661, 269.11227;
 335.87256, 274.9874;
 330.7301, 279.41437;
 324.52115, 280.94684;
 319.04694, 281.40515;
 313.67136, 281.31122;
 306.04135, 280.18015;
 301.3356, 276.13956;
 313.36221, 272.02618;
 318.42657, 271.98187;
 323.5596, 271.60773;
 332.99658, 274.87561;
 323.59091, 274.19196;
 318.39819, 274.63257;
 313.26837, 274.57083]
